  %  Products
    98.6   CO + H2O
     1.4   H2 + CO2

Population of each species as a function of time
++++++++++++++++++++++++++++++++++++++++++++++++
  Time(ps)     MIN1     MIN3               CO+H2O               H2+CO2 
0.0000E+00     1000        0                    0                    0 
0.5591E-03      990        0                   10                    0 
0.1031E-02      980        1                   19                    0 
0.1614E-02      970        2                   28                    0 
0.2139E-02      960        2                   38                    0 
0.2470E-02      950        2                   48                    0 
0.2859E-02      940        2                   58                    0 
0.3289E-02      930        3                   67                    0 
0.3884E-02      920        4                   76                    0 
0.4390E-02      910        6                   84                    0 
0.4823E-02      900        6                   94                    0 
0.5351E-02      890        8                  101                    1 
0.5902E-02      880       11                  108                    1 
0.7082E-02      870       11                  118                    1 
0.8250E-02      860       13                  126                    1 
0.8857E-02      850       14                  134                    2 
0.9444E-02      840       15                  143                    2 
0.1009E-01      830       17                  151                    2 
0.1056E-01      820       17                  161                    2 
0.1110E-01      810       20                  167                    3 
0.1195E-01      800       21                  175                    4 
0.1244E-01      790       21                  185                    4 
0.1349E-01      780       22                  194                    4 
0.1436E-01      770       24                  202                    4 
0.1504E-01      760       24                  212                    4 
0.1594E-01      750       26                  220                    4 
0.1665E-01      740       27                  229                    4 
0.1748E-01      730       27                  239                    4 
0.1802E-01      720       28                  248                    4 
0.1853E-01      710       30                  256                    4 
0.1940E-01      700       30                  266                    4 
0.2025E-01      690       31                  275                    4 
0.2164E-01      680       32                  284                    4 
0.2274E-01      670       32                  294                    4 
0.2361E-01      660       33                  303                    4 
0.2489E-01      650       33                  313                    4 
0.2579E-01      640       33                  322                    5 
0.2657E-01      630       34                  331                    5 
0.2720E-01      620       34                  341                    5 
0.2764E-01      610       35                  350                    5 
0.2826E-01      600       37                  358                    5 
0.2920E-01      590       38                  367                    5 
0.3009E-01      580       38                  377                    5 
0.3092E-01      570       40                  385                    5 
0.3161E-01      560       41                  394                    5 
0.3273E-01      550       42                  403                    5 
0.3455E-01      540       43                  412                    5 
0.3554E-01      530       43                  422                    5 
0.3686E-01      520       43                  432                    5 
0.3785E-01      510       43                  442                    5 
0.4001E-01      500       44                  451                    5 
0.4135E-01      490       46                  459                    5 
0.4222E-01      480       46                  469                    5 
0.4372E-01      470       49                  475                    6 
0.4496E-01      460       50                  484                    6 
0.4591E-01      450       52                  492                    6 
0.4683E-01      440       52                  502                    6 
0.4824E-01      430       53                  511                    6 
0.4936E-01      420       54                  520                    6 
0.5083E-01      410       55                  529                    6 
0.5202E-01      400       55                  538                    7 
0.5400E-01      390       57                  546                    7 
0.5545E-01      380       58                  555                    7 
0.5643E-01      370       58                  565                    7 
0.5852E-01      362       57                  574                    7 
0.6076E-01      352       58                  583                    7 
0.6212E-01      342       58                  593                    7 
0.6376E-01      332       59                  601                    8 
0.6494E-01      322       59                  611                    8 
0.6755E-01      312       60                  620                    8 
0.6926E-01      302       61                  629                    8 
0.7130E-01      292       62                  638                    8 
0.7316E-01      284       62                  645                    9 
0.7567E-01      274       62                  655                    9 
0.7771E-01      264       64                  663                    9 
0.7947E-01      256       64                  671                    9 
0.8071E-01      246       64                  681                    9 
0.8338E-01      236       65                  690                    9 
0.8589E-01      226       67                  698                    9 
0.8878E-01      218       67                  706                    9 
0.8969E-01      212       65                  714                    9 
0.9256E-01      204       64                  720                   12 
0.9355E-01      194       65                  729                   12 
0.9652E-01      184       66                  737                   13 
0.9902E-01      174       66                  747                   13 
0.1009E+00      164       66                  757                   13 
0.1038E+00      154       66                  767                   13 
0.1071E+00      144       68                  775                   13 
0.1107E+00      134       69                  784                   13 
0.1136E+00      124       72                  791                   13 
0.1220E+00      114       73                  800                   13 
0.1280E+00      106       73                  808                   13 
0.1312E+00       96       73                  818                   13 
0.1361E+00       86       73                  828                   13 
0.1424E+00       76       74                  837                   13 
0.1477E+00       66       74                  847                   13 
0.1536E+00       56       75                  856                   13 
0.1586E+00       46       75                  866                   13 
0.1659E+00       38       74                  875                   13 
0.1822E+00       32       74                  881                   13 
0.1962E+00       26       72                  889                   13 
0.2186E+00       22       69                  896                   13 
0.2399E+00       14       69                  904                   13 
0.2678E+00       10       66                  911                   13 
0.3370E+00        6       63                  918                   13 
0.4620E+00        4       59                  924                   13 
0.5439E+00        2       55                  930                   13 
0.7364E+00        2       51                  934                   13 
0.8642E+00        2       46                  939                   13 
0.1012E+01        2       41                  944                   13 
0.1336E+01        0       37                  949                   14 
0.1615E+01        0       33                  953                   14 
0.1960E+01        0       28                  958                   14 
0.2270E+01        0       23                  963                   14 
0.2437E+01        2       17                  967                   14 
0.2679E+01        2       12                  972                   14 
0.3158E+01        0        9                  977                   14 
0.4174E+01        0        5                  981                   14 
0.5119E+01        0        0                  986                   14 
