 0.0000E+00 1000  0  0  0 
 0.5591E-03 990  10  0  0 
 0.1031E-02 980  19  1  0 
 0.1614E-02 970  28  2  0 
 0.2139E-02 960  38  2  0 
 0.2470E-02 950  48  2  0 
 0.2859E-02 940  58  2  0 
 0.3289E-02 930  67  3  0 
 0.3884E-02 920  76  4  0 
 0.4390E-02 910  84  6  0 
 0.4823E-02 900  94  6  0 
 0.5351E-02 890  101  8  1 
 0.5902E-02 880  108  11  1 
 0.7082E-02 870  118  11  1 
 0.8250E-02 860  126  13  1 
 0.8857E-02 850  134  14  2 
 0.9444E-02 840  143  15  2 
 0.1009E-01 830  151  17  2 
 0.1056E-01 820  161  17  2 
 0.1110E-01 810  167  20  3 
 0.1195E-01 800  175  21  4 
 0.1244E-01 790  185  21  4 
 0.1349E-01 780  194  22  4 
 0.1436E-01 770  202  24  4 
 0.1504E-01 760  212  24  4 
 0.1594E-01 750  220  26  4 
 0.1665E-01 740  229  27  4 
 0.1748E-01 730  239  27  4 
 0.1802E-01 720  248  28  4 
 0.1853E-01 710  256  30  4 
 0.1940E-01 700  266  30  4 
 0.2025E-01 690  275  31  4 
 0.2164E-01 680  284  32  4 
 0.2274E-01 670  294  32  4 
 0.2361E-01 660  303  33  4 
 0.2489E-01 650  313  33  4 
 0.2579E-01 640  322  33  5 
 0.2657E-01 630  331  34  5 
 0.2720E-01 620  341  34  5 
 0.2764E-01 610  350  35  5 
 0.2826E-01 600  358  37  5 
 0.2920E-01 590  367  38  5 
 0.3009E-01 580  377  38  5 
 0.3092E-01 570  385  40  5 
 0.3161E-01 560  394  41  5 
 0.3273E-01 550  403  42  5 
 0.3455E-01 540  412  43  5 
 0.3554E-01 530  422  43  5 
 0.3686E-01 520  432  43  5 
 0.3785E-01 510  442  43  5 
 0.4001E-01 500  451  44  5 
 0.4135E-01 490  459  46  5 
 0.4222E-01 480  469  46  5 
 0.4372E-01 470  475  49  6 
 0.4496E-01 460  484  50  6 
 0.4591E-01 450  492  52  6 
 0.4683E-01 440  502  52  6 
 0.4824E-01 430  511  53  6 
 0.4936E-01 420  520  54  6 
 0.5083E-01 410  529  55  6 
 0.5202E-01 400  538  55  7 
 0.5400E-01 390  546  57  7 
 0.5545E-01 380  555  58  7 
 0.5643E-01 370  565  58  7 
 0.5852E-01 362  574  57  7 
 0.6076E-01 352  583  58  7 
 0.6212E-01 342  593  58  7 
 0.6376E-01 332  601  59  8 
 0.6494E-01 322  611  59  8 
 0.6755E-01 312  620  60  8 
 0.6926E-01 302  629  61  8 
 0.7130E-01 292  638  62  8 
 0.7316E-01 284  645  62  9 
 0.7567E-01 274  655  62  9 
 0.7771E-01 264  663  64  9 
 0.7947E-01 256  671  64  9 
 0.8071E-01 246  681  64  9 
 0.8338E-01 236  690  65  9 
 0.8589E-01 226  698  67  9 
 0.8878E-01 218  706  67  9 
 0.8969E-01 212  714  65  9 
 0.9256E-01 204  720  64  12 
 0.9355E-01 194  729  65  12 
 0.9652E-01 184  737  66  13 
 0.9902E-01 174  747  66  13 
 0.1009E+00 164  757  66  13 
 0.1038E+00 154  767  66  13 
 0.1071E+00 144  775  68  13 
 0.1107E+00 134  784  69  13 
 0.1136E+00 124  791  72  13 
 0.1220E+00 114  800  73  13 
 0.1280E+00 106  808  73  13 
 0.1312E+00 96  818  73  13 
 0.1361E+00 86  828  73  13 
 0.1424E+00 76  837  74  13 
 0.1477E+00 66  847  74  13 
 0.1536E+00 56  856  75  13 
 0.1586E+00 46  866  75  13 
 0.1659E+00 38  875  74  13 
 0.1822E+00 32  881  74  13 
 0.1962E+00 26  889  72  13 
 0.2186E+00 22  896  69  13 
 0.2399E+00 14  904  69  13 
 0.2678E+00 10  911  66  13 
 0.3370E+00 6  918  63  13 
 0.4620E+00 4  924  59  13 
 0.5439E+00 2  930  55  13 
 0.7364E+00 2  934  51  13 
 0.8642E+00 2  939  46  13 
 0.1012E+01 2  944  41  13 
 0.1336E+01 0  949  37  14 
 0.1615E+01 0  953  33  14 
 0.1960E+01 0  958  28  14 
 0.2270E+01 0  963  23  14 
 0.2437E+01 2  967  17  14 
 0.2679E+01 2  972  12  14 
 0.3158E+01 0  977  9  14 
 0.4174E+01 0  981  5  14 
 0.5119E+01 0  986  0  14 
